COLLECT(Geometry)-alias,NEIGHBORHOOD_NAME-alias,Zcta Num-alias,SUM(Indicator)-alias,SUM(At least 1 dose)-alias,SUM(PERC_at least 1 dose)-alias,SUM(N_FULLY_VACCINATED_CUMULATIVE)-alias,SUM(PERC_FULLY)-alias,SUM(POPULATION_ESTIMATE)-alias,Latitude (generated)-value,Latitude (generated)-alias,Longitude (generated)-value,Longitude (generated)-alias
15762847265830703697,Woodside,11377,33.32555637139178,22847,33.33,9988,14.5688999447394,"68,557",40.748095865715825,40.7481,-73.90488148995414,-73.9049
5491391460327512426,Woodhaven,11421,25.71444287594812,7905,25.71,3400,11.0599754305153,"30,741",40.6949328592646,40.6949,-73.85742352310456,-73.8574
606877357397903347,Williamsburg (South),11206,22.16819320897304,13774,22.17,5556,8.94195451350764,"62,134",40.701708728968114,40.7017,-73.94260909800067,-73.9426
14845648054386008612,Whitestone,11357,37.184933820335544,11704,37.18,5938,18.865698652183198,"31,475",40.79555736767808,40.7956,-73.81266253171098,-73.8127
7420745213283380475,Washington Heights (South),10032,31.55760829001225,16601,31.56,9819,18.6653909884724,"52,605",40.841967848266336,40.8420,-73.94449732823475,-73.9445
17247437443817389083,Washington Heights (North)/Washington Heights (South),10033,28.94694688995088,13988,28.95,8003,16.5615110065969,"48,323",40.85195450171841,40.8520,-73.93181845342768,-73.9318
17687815689908805664,Washington Heights (North),10040,30.346957264137476,10970,30.35,6172,17.0739672045813,"36,149",40.85993401153404,40.8599,-73.93066113529713,-73.9307
11478921791500012445,Wakefield/Woodlawn,10470,27.23964254473704,3224,27.24,2034,17.1853079826288,"11,836",40.89977591328477,40.8998,-73.8624646955597,-73.8625
6845210453292960452,Upper West Side,10024,47.63946384470036,23292,47.64,14024,28.6834896512999,"48,892",40.80030305465449,40.8003,-73.97207950814655,-73.9721
1764209357050534738,Upper East Side/Yorkville,10128,46.186464504718806,22769,46.19,14333,29.0742059706678,"49,298",40.78023625048825,40.7802,-73.94761260337108,-73.9476
10527034932136864564,Upper East Side/Yorkville,10028,44.55933601389497,17862,44.56,11153,27.8227675827438,"40,086",40.77543040588621,40.7754,-73.95233275230645,-73.9523
9083514175754710929,TriBeCa,10007,45.37624272013725,2529,45.38,1102,19.7724869425035,"5,573",40.713194568962514,40.7132,-74.00729622101159,-74.0073
3798730894905548862,Tottenville,10307,29.447101421691922,3312,29.45,1784,15.8616029397036,"11,247",40.5061206239466,40.5061,-74.23525083514616,-74.2353
5065444492860111041,Sunset Park,11232,24.962952622854438,5356,24.96,2331,10.8641976407531,"21,456",40.65731922766068,40.6573,-74.00812221507654,-74.0081
4694937959181206742,Sunset Park,11220,26.73695164067767,19489,26.74,7615,10.4470155853949,"72,892",40.6408717549274,40.6409,-74.02102099739437,-74.0210
3040728038815490374,Sunnyside,11104,35.41186552369796,7638,35.41,3606,16.7184062684544,"21,569",40.745033312307186,40.7450,-73.91815956396815,-73.9182
14030579851748726628,St. Albans,11412,20.76454557923946,6355,20.76,2837,9.26971137817504,"30,605",40.69856602634196,40.6986,-73.7599503112927,-73.7600
10738340961163910044,South Ozone Park,11420,29.234185990736343,10855,29.23,4524,12.1838284129057,"37,131",40.674037074484374,40.6740,-73.81729863063045,-73.8173
4916153295976294626,South Jamaica/South Ozone Park,11436,21.848929682127697,3364,21.85,1364,8.85907850369268,"15,397",40.674592633509185,40.6746,-73.79777598784943,-73.7978
11217976855247526323,Soundview,10472,21.920513683518298,11150,21.92,6301,12.3875476878788,"50,866",40.829926449247125,40.8299,-73.86566773866045,-73.8657
9931294169958654363,Silver Lake/St. George,10301,34.01210880323149,10472,34.01,6127,19.8999418102941,"30,789",40.62567576803685,40.6257,-74.09347442720504,-74.0935
6188377445896060266,Rosedale,11422,20.036594539169677,5123,20.04,2405,9.40620922637187,"25,568",40.645544301933455,40.6455,-73.7445626367344,-73.7446
4739689513597918076,Roosevelt Island,10044,39.03578784539394,3838,39.04,2639,26.8409182188626,"9,832",40.75995471955905,40.7600,-73.95193639461722,-73.9519
16815596094504930884,Richmond Hill/South Ozone Park,11419,28.083509702177572,10649,28.08,4298,11.3346722415212,"37,919",40.68983738037997,40.6898,-73.82087011633175,-73.8209
9321515615274117885,Richmond Hill,11418,29.077101075767004,8377,29.08,3832,13.3011163092204,"28,810",40.70221668606222,40.7022,-73.83479560098314,-73.8348
5784048243839388641,Rego Park,11374,32.10168256083044,11219,32.10,5550,15.880589911098,"34,948",40.72567291835462,40.7257,-73.86146755396418,-73.8615
7616793812403250187,Queens Village,11429,21.552373731204188,5619,21.55,2577,9.88440418318441,"26,071",40.71986048491059,40.7199,-73.72636108466752,-73.7264
17835190518488896391,Queens Village,11428,36.07056142150872,5316,36.07,2405,16.3186042548398,"14,738",40.72232993410964,40.7223,-73.74088235532724,-73.7409
9816757010559144864,Port Richmond/Randall Manor/West Brighton,10310,34.53758223916092,6003,34.54,3423,19.6938437455685,"17,381",40.635693140276466,40.6357,-74.11833890866924,-74.1183
16781524348797058241,Parkchester/Pelham Parkway/Van Nest/Westchester Square,10462,30.10558155344511,17680,30.11,10109,17.2136495432,"58,727",40.84158678902079,40.8416,-73.85919808163474,-73.8592
980153071589891186,Ozone Park,11417,28.865755277381627,6848,28.87,3005,12.6667048201711,"23,724",40.676444415658594,40.6764,-73.84322242266497,-73.8432
14079738205464829344,Ozone Park,11416,25.29060909830878,5006,25.29,2170,10.9629687861227,"19,794",40.68421767075783,40.6842,-73.85148534986325,-73.8515
13226122797477619450,Ocean Hill-Brownsville,11212,19.28948834392851,10675,19.29,4756,8.59398656334651,"55,341",40.663205105824936,40.6632,-73.91367297533805,-73.9137
14285113515916235053,New Dorp/Todt Hill,10304,31.598472350177865,10227,31.60,5639,17.4228792004159,"32,365",40.610997855936304,40.6110,-74.09249648485172,-74.0925
7871365334414836712,Mott Haven/Port Morris,10454,21.662648479670104,5935,21.66,3243,11.8368945273075,"27,397",40.803927383985425,40.8039,-73.91259257607629,-73.9126
5884942442616128710,Mott Haven,10455,22.617680634812775,6915,22.62,3799,12.4258233885255,"30,573",40.81439773644144,40.8144,-73.90969324670235,-73.9097
297583840191204889,Morris Park/Pelham Bay/Westchester Square,10461,35.71607484244325,13859,35.72,8676,22.3589483608513,"38,803",40.84548460089088,40.8455,-73.83682816075867,-73.8368
6247711691948238201,Morris Heights/Mount Hope/University Heights,10453,21.480141423538985,12321,21.48,6410,11.175043139752,"57,360",40.851537542937415,40.8515,-73.91593074527222,-73.9159
5852721915417736773,Midwood,11230,23.08338612973582,14920,23.08,8007,12.3879807467021,"64,635",40.623672951848654,40.6237,-73.96587906716165,-73.9659
14023378437539972644,Middle Village,11379,30.643051137354632,9068,30.64,4663,15.7574489913415,"29,592",40.719725846415166,40.7197,-73.87922087991288,-73.8792
14038901105978491135,Maspeth,11378,27.02109841251098,7600,27.02,3423,12.1701605086875,"28,126",40.722907983675334,40.7229,-73.92045963318517,-73.9205
2850878229969502036,Manhattan Valley/Morningside Heights/Upper West Side,10025,42.26262909286247,33116,42.26,19681,25.116886193279,"78,358",40.800328958394,40.8003,-73.96625543325898,-73.9663
12858335072921120838,Long Island City,11109,33.781114680956755,1805,33.78,930,17.4052280627644,"5,343",40.74558119163512,40.7456,-73.95829189233923,-73.9583
10008109472310056797,Lincoln Square,10069,39.9937285735799,2150,39.99,1125,20.9269509978034,"5,376",40.77578476904258,40.7758,-73.99112607067067,-73.9911
6421052027766357067,Lincoln Square,10023,45.14307572404356,24158,45.14,14413,26.9329890889411,"53,514",40.77569919527727,40.7757,-73.98301759070974,-73.9830
13518408187751020201,Lighthouse Hill/Midland Beach/New Dorp/Oakwood,10306,36.68424482266118,15544,36.68,8447,19.9351399908015,"42,372",40.573044245370184,40.5730,-74.13111792428568,-74.1311
12241881246569873691,Lenox Hill/Upper East Side,10075,55.09030311244991,10943,55.09,6766,34.0620479629751,"19,864",40.77278389700894,40.7728,-73.95475581857359,-73.9548
12041298690412720261,Lenox Hill/Upper East Side,10065,49.94215666311198,12219,49.94,7547,30.846505960922,"24,466",40.76384107283376,40.7638,-73.96118817421443,-73.9612
6136035347793680985,Lenox Hill/Upper East Side,10021,49.68817286148211,19701,49.69,12970,32.7118218371363,"39,649",40.76546008702753,40.7655,-73.95747906346895,-73.9575
13568842172321599915,Laurelton/Rosedale,11413,19.892525092220414,6901,19.89,3109,8.961869368455769,"34,691",40.66408016462025,40.6641,-73.75057297474643,-73.7506
9614305802080270957,Kips Bay/Murray Hill/NoMad,10016,39.3715797533842,18591,39.37,10381,21.9846360830446,"47,219",40.74479999580176,40.7448,-73.97277641016387,-73.9728
4599956056429521911,Kingsbridge/Marble Hill/Riverdale/Spuyten Duyvil,10463,36.5177329831612,20554,36.52,13581,24.1289934632827,"56,285",40.87792187299295,40.8779,-73.90969806175039,-73.9097
14697998743943871037,Kew Gardens Hills/Pomonok,11367,29.162014204484738,9161,29.16,4669,14.8627272481977,"31,414",40.73083824591093,40.7308,-73.82342148229684,-73.8234
1637893300889686692,Kew Gardens,11415,32.29681780735966,4958,32.30,2634,17.1580915902754,"15,351",40.70939677600189,40.7094,-73.83030279545555,-73.8303
504297603486692083,Kensington/Windsor Terrace,11218,29.547941850559166,15875,29.55,7739,14.4045053216679,"53,726",40.64731709291488,40.6473,-73.97477697120239,-73.9748
2142587574702034187,Jamaica,11433,23.90042575462171,6698,23.90,2765,9.86632983152121,"28,025",40.69927658115394,40.6993,-73.78652882796163,-73.7865
8667208470702579115,Jackson Heights/Rikers Island,11370,25.633875318010503,6821,25.63,3090,11.6124724721672,"26,609",40.785652326242925,40.7857,-73.88321121384428,-73.8832
15982059181251577592,Jackson Heights,11372,34.39611600525277,17057,34.40,7481,15.0857327686754,"49,590",40.750337666757154,40.7503,-73.88634940617133,-73.8863
2597243027712784715,Inwood/Washington Heights (North),10034,26.992900443463252,9300,26.99,4956,14.384603720194,"34,454",40.86630310110243,40.8663,-73.92287666540476,-73.9229
5849118026665181117,Hunts Point,10474,18.287794401450615,1594,18.29,895,10.268240896674,"8,716",40.808288720417636,40.8083,-73.88884177256035,-73.8888
6913227023405428439,Hudson Square/Meatpacking District/West Village,10014,37.29838859870308,10304,37.30,5140,18.6057567349897,"27,626",40.73460135833562,40.7346,-74.00803505661187,-74.0080
9356805364938853039,Hudson Square/Little Italy/SoHo/TriBeCa,10013,38.944315713558105,9602,38.94,4372,17.7321962403329,"24,656",40.71963180060329,40.7196,-74.00400736034565,-74.0040
7533204450420038978,Hollis/Holliswood,11423,32.57574890807927,8278,32.58,4091,16.0989839070974,"25,412",40.716506651570015,40.7165,-73.77105954138645,-73.7711
2674089007412190215,Hillcrest/Jamaica Estates/Jamaica Hills,11432,38.368380036312054,18691,38.37,9061,18.6001761012799,"48,715",40.71599765832633,40.7160,-73.79330890321143,-73.7933
5943557986778385093,Hell's Kitchen/Midtown Manhattan,10036,37.972506175095944,9603,37.97,5077,20.0756444705782,"25,289",40.75925598904226,40.7593,-73.99269254598528,-73.9927
9848049560676505857,Hell's Kitchen/Midtown Manhattan,10019,36.83212081707737,14762,36.83,7650,19.0872323703185,"40,079",40.76652116514743,40.7665,-73.99040795806198,-73.9904
1344053829658389205,Hell's Kitchen/Midtown Manhattan,10018,22.989813958498768,2546,22.99,1191,10.7544652099654,"11,074",40.75724354275797,40.7572,-73.99762126573604,-73.9976
2040086214448852188,Hamilton Heights/West Harlem,10031,26.50195212180978,12959,26.50,6318,12.9206986268689,"48,898",40.825359467598275,40.8254,-73.95213436013692,-73.9521
5821409775058227380,Hamilton Beach/Howard Beach/Lindenwood,11414,28.804346115999586,6598,28.80,3395,14.8212723649316,"22,906",40.655357369855885,40.6554,-73.84741468386446,-73.8474
2188205222476189661,Greenwich Village/SoHo,10012,33.96258278497653,7093,33.96,3527,16.8879218218825,"20,885",40.72532714914477,40.7253,-73.99828025686872,-73.9983
1276903058674644194,Greenpoint,11222,29.966844381304526,9608,29.97,3955,12.3354360458014,"32,062",40.732710568202016,40.7327,-73.94772475132561,-73.9477
8052967789995192660,Great Kills,10308,32.01215910619298,7612,32.01,4088,17.1920265930264,"23,778",40.54375345479274,40.5438,-74.14337697566305,-74.1434
1226563181018629970,Gravesend/Homecrest,11223,23.282849477835764,14536,23.28,6728,10.7764867423555,"62,432",40.59497337603157,40.5950,-73.97338889646544,-73.9734
15062144985260141127,Graniteville/Mariner's Harbor/Port Ivory,10303,24.78781349099524,4777,24.79,2339,12.1370516548959,"19,272",40.63998115388839,40.6400,-74.1749064588237,-74.1749
1975268528569283706,Gowanus/Park Slope/Windsor Terrace,11215,36.983888300400245,21052,36.98,10498,18.4427541030592,"56,922",40.665060849722735,40.6651,-73.98713189689084,-73.9871
11728784118057846679,Glendale/Ridgewood,11385,23.456610115641936,18651,23.46,8115,10.2059080525674,"79,513",40.702914746129274,40.7029,-73.88796183776728,-73.8880
5300398451044121207,Gerritsen Beach/Homecrest/Sheepshead Bay,11229,26.393210321160826,17302,26.39,8912,13.5947457162285,"65,555",40.592591816696896,40.5926,-73.93102293435037,-73.9310
16558769320244644509,Fresh Meadows/Hillcrest,11366,34.240783916998026,3953,34.24,2176,18.8484558065742,"11,545",40.72686004102343,40.7269,-73.78315823337884,-73.7832
2069792849576935000,Forest Hills,11375,35.556036186138456,21201,35.56,11352,19.0383530392455,"59,627",40.72297405344856,40.7230,-73.84418195812574,-73.8442
14110631317039195668,Fordham/Kingsbridge/University Heights,10468,21.96561565100968,12783,21.97,6806,11.6950622014216,"58,196",40.867959355731095,40.8680,-73.90275470151684,-73.9028
1796791447416200226,Flushing/Murray Hill/Queensboro Hill,11355,33.663208237709945,22506,33.66,9066,13.560412595889,"66,856",40.74814633229538,40.7481,-73.82283331503541,-73.8228
13627776600523588151,Flushing/Murray Hill,11354,34.82944328669114,16128,34.83,7548,16.3003867762863,"46,306",40.76861583294839,40.7686,-73.83700150248836,-73.8370
12322775813457235741,Flatlands/Midwood,11210,21.34858371229702,10578,21.35,5584,11.2696626441167,"49,549",40.62655887222889,40.6266,-73.94615699606153,-73.9462
6118710961472576396,Flatiron/Gramercy/Kips Bay,10010,35.740225046815056,10962,35.74,6105,19.9045861987599,"30,671",40.73775576335703,40.7378,-73.97599091185998,-73.9760
11328094199542994609,Flatbush/Prospect Lefferts Gardens,11226,23.575188819173647,18232,23.58,8219,10.6277137398414,"77,336",40.6451447748454,40.6451,-73.95759499032192,-73.9576
6402386507838947620,Financial District,10006,30.928519412468493,976,30.93,419,13.2777147887544,"3,156",40.7088105591395,40.7088,-74.01393757411763,-74.0139
17162405344876578437,Financial District,10005,27.73712248250324,2266,27.74,957,11.7142216309601,"8,170",40.705994121731095,40.7060,-74.0086809434999,-74.0087
13626678536658579648,Financial District,10004,47.077259618718145,1264,47.08,629,23.4268958070995,"2,685",40.70208588741524,40.7021,-74.01276251954427,-74.0128
1350034078683374798,Fieldston/North Riverdale/Riverdale,10471,44.15377504152346,7822,44.15,5646,31.870648668427698,"17,715",40.89770404077458,40.8977,-73.90396236432697,-73.9040
15018623739585943687,Elmhurst,11373,34.5008882147762,25673,34.50,10730,14.4196054432497,"74,413",40.736761120710185,40.7368,-73.87877667649306,-73.8788
5857047755166378474,Elm Park,10302,26.911195696232447,3725,26.91,1808,13.0618635755136,"13,842",40.630931606306476,40.6309,-74.13912004653977,-74.1391
2682952550991094888,Edgemere/Far Rockaway,11691,18.315100680049525,8867,18.32,4791,9.89597917651035,"48,414",40.602370082183434,40.6024,-73.76774794637974,-73.7677
13013986920525830455,Edenwald/Wakefield,10466,20.191282954136845,11051,20.19,6283,11.4796697856159,"54,732",40.893420110810986,40.8934,-73.84301458324927,-73.8430
14950690994598268712,East Williamsburg/Williamsburg (North)/Williamsburg (South),11211,24.147021718643664,18090,24.15,7268,9.70152315373699,"74,916",40.71396838984885,40.7140,-73.9454904471319,-73.9455
190186181469070100,East Village/Gramercy/Greenwich Village,10003,33.647799484815295,16958,33.65,8741,17.3437560618452,"50,399",40.73109435770712,40.7311,-73.9889898959372,-73.9890
4798243567748367950,East New York,11239,34.28008626694977,3684,34.28,1569,14.5997435811195,"10,747",40.64510527926141,40.6451,-73.88454888295168,-73.8845
18081751456025081295,East Midtown/Murray Hill,10017,39.468886854384586,5733,39.47,3027,20.8394070309126,"14,525",40.75173201934197,40.7517,-73.97189354977199,-73.9719
1246189634500774950,East Midtown,10022,48.31372588755971,13573,48.31,8211,29.2274370634902,"28,093",40.75738232585172,40.7574,-73.96592008649502,-73.9659
8770736407895998495,East Harlem,10035,31.25083491506542,8805,31.25,4634,16.4470606469521,"28,175",40.796039116282806,40.7960,-73.92883361123843,-73.9288
10389287341308707756,East Harlem,10029,28.679812590564374,17963,28.68,9493,15.1565696666608,"62,633",40.789282750571395,40.7893,-73.94155210352943,-73.9416
12927689827378778439,East Flatbush (North)/East Flatbush (South),11203,22.973080376517228,13779,22.97,6967,11.6157523030115,"59,979",40.648479287043806,40.6485,-73.93281565597319,-73.9328
184882531478352418,Douglaston-Little Neck,11363,42.3390074898409,2288,42.34,1212,22.4278308905975,"5,404",40.77050595263226,40.7705,-73.75264332350663,-73.7526
2348822040072778349,Douglaston-Little Neck,11362,39.82262415693727,5866,39.82,3149,21.3776753273432,"14,730",40.758046741532404,40.7580,-73.74434955562084,-73.7443
14443501688850087734,Ditmars Steinway,11105,29.532308874086453,9109,29.53,4450,14.427354757897099,"30,844",40.7810593799046,40.7811,-73.89656419537789,-73.8966
1914168623872435582,Cypress Hills/East New York,11208,19.297846293987007,13586,19.30,5875,8.34497622384614,"70,402",40.66102169485995,40.6610,-73.86749532366912,-73.8675
13899085798675466395,Cypress Hills/East New York,11207,18.82294906605974,12544,18.82,5418,8.13000143813071,"66,642",40.6705497606979,40.6705,-73.89416465580123,-73.8942
13251084261260588415,Crown Heights (West)/Prospect Lefferts Gardens,11225,26.896201464423097,12312,26.90,5664,12.373301258487,"45,776",40.661374534266926,40.6614,-73.95768202688662,-73.9577
11576908541946943384,Crown Heights (East),11213,20.526431383409864,9985,20.53,4601,9.45839867752316,"48,645",40.67168982998579,40.6717,-73.93484084080171,-73.9348
11156707046625381712,Country Club/Throgs Neck,10465,32.60838615843634,11030,32.61,6676,19.7364991834743,"33,826",40.825964639902985,40.8260,-73.81540290354943,-73.8154
17678232082177539138,Corona/North Corona,11368,18.348881512897695,15252,18.35,5706,6.86458942516354,"83,122",40.7529660125418,40.7530,-73.85079557899307,-73.8508
9193278082197900710,Concourse/Melrose,10451,27.674298748256966,9948,27.67,5991,16.6663373342187,"35,947",40.82033389833531,40.8203,-73.924813777519,-73.9248
1337866244991314024,Concourse/Highbridge,10452,24.964508429711756,13682,24.96,7568,13.8087560149144,"54,806",40.83850552396974,40.8385,-73.92303397729094,-73.9230
1803264202164421611,College Point,11356,29.793771311820947,5296,29.79,2109,11.8646268309347,"17,776",40.786615884402366,40.7866,-73.84812676242562,-73.8481
15416285922168253264,Co-op City/Edenwald,10475,34.66607183861809,12515,34.67,9389,26.0071712738941,"36,102",40.862237798700235,40.8622,-73.8215923125888,-73.8216
8988763675125413664,Clinton Hill/Prospect Heights,11238,36.40475948964835,16722,36.40,7832,17.0507162015863,"45,934",40.67949648567149,40.6795,-73.96450275576993,-73.9645
6710942678117447511,Claremont/Morrisania,10456,21.7236351975421,14520,21.72,7977,11.9345342955092,"66,840",40.831071577382964,40.8311,-73.9083180324102,-73.9083
5874101011591728942,City Island,10464,44.78004536063747,1572,44.78,1113,31.704955780146,"3,510",40.8562734169678,40.8563,-73.79409771779146,-73.7941
8394725094642364800,Chinatown/Lower East Side,10002,35.16783981864888,22498,35.17,9981,15.6018405738259,"63,973",40.71426460672879,40.7143,-73.98608739716452,-73.9861
1891261666814611049,Chinatown/Financial District,10038,31.00602495739098,6332,31.01,3046,14.9154061939692,"20,422",40.709182536838725,40.7092,-74.00059617307932,-74.0006
6033469723849756655,Chelsea/NoMad/West Chelsea,10001,33.41079040165003,8532,33.41,4163,16.302053497664,"25,537",40.7513078684639,40.7513,-73.99909467043838,-73.9991
6047332923510127271,Chelsea,10011,39.80531612169671,17946,39.81,9097,20.1776975793533,"45,084",40.74523974987352,40.7452,-74.00414358354038,-74.0041
18333201894490416789,Charlotte Gardens/Tremont/Van Nest/West Farms,10460,21.228324924608046,9011,21.23,4852,11.430455280679,"42,448",40.84115197189704,40.8412,-73.87968361212518,-73.8797
18051076984058352639,Charlotte Gardens/Hunts Point,10459,23.22423052184136,8044,23.22,4824,13.9276091543216,"34,636",40.82799067803176,40.8280,-73.88974950054214,-73.8897
4055490017929633237,Charleston/Prince's Bay/Woodrow,10309,31.57715536536826,8054,31.58,4344,17.0314331893667,"25,506",40.53738162247546,40.5374,-74.2304416992469,-74.2304
6329959407049386657,Central Harlem (South)/Morningside Heights/West Harlem,10027,25.387032259486208,13396,25.39,6747,12.7863770270792,"52,767",40.81323456711291,40.8132,-73.9545114701227,-73.9545
5663651286405990107,Central Harlem (South),10026,25.84801628186905,8125,25.85,4080,12.9796807913878,"31,434",40.802079015034636,40.8021,-73.95306421295975,-73.9531
6472534724541208643,Central Harlem (North)/Washington Heights (South),10039,21.35100589773467,4459,21.35,2301,11.0178660171984,"20,884",40.83284418551447,40.8328,-73.9349431758102,-73.9349
17815902594539931319,Central Harlem (North)/East Harlem,10037,25.84293742851579,4482,25.84,2324,13.4000416296008,"17,343",40.81380359608226,40.8138,-73.93573339223965,-73.9357
708146318929407025,Central Harlem (North),10030,21.33983070163119,4942,21.34,2360,10.190611180868,"23,159",40.81732357905549,40.8173,-73.94204061758126,-73.9420
2350960649421190645,Castle Hill/Clason Point/Soundview,10473,25.336978946535137,11408,25.34,6791,15.0826984594951,"45,025",40.81248134731821,40.8125,-73.85452614412982,-73.8545
13785275407719283030,Carroll Gardens/Cobble Hill/Red Hook,11231,31.24581904154055,9463,31.25,4270,14.099085629016,"30,286",40.67590220467837,40.6759,-74.01008456048055,-74.0101
2807629430274770769,Canarsie,11236,20.01800734108537,15383,20.02,7581,9.86520923439954,"76,846",40.64308046013214,40.6431,-73.89393316779513,-73.8939
14706475703514256909,Cambria Heights,11411,21.6534705465354,3850,21.65,1797,10.1068276810712,"17,780",40.69499752718839,40.6950,-73.73576767720192,-73.7358
10023271853909586705,Bushwick/East Williamsburg,11237,23.4733504850707,8850,23.47,3593,9.52991506134,"37,702",40.70712303717351,40.7071,-73.92400283809793,-73.9240
13554189564061513966,Brooklyn Heights/DUMBO/Downtown Brooklyn,11201,38.687481290816805,20530,38.69,9869,18.5975037924535,"53,066",40.69683169479494,40.6968,-73.98928836796613,-73.9893
5637982796544974706,Brighton Beach/Manhattan Beach/Sheepshead Bay,11235,25.684972038206794,16698,25.68,9055,13.9284598039264,"65,011",40.583160417519764,40.5832,-73.94194157387143,-73.9419
3250193706081854156,Brighton Beach/Coney Island/Seagate,11224,22.436099047142346,8443,22.44,4710,12.5161703792539,"37,631",40.57554843605516,40.5755,-73.98607356152014,-73.9861
7134933269242168090,Briarwood/Jamaica,11435,28.747990653739325,13225,28.75,5853,12.7230237653184,"46,003",40.703808028967195,40.7038,-73.81112256963566,-73.8111
6037021867483629078,Breezy Point,11697,68.26433822352743,1836,68.26,1198,44.5428525009727,"2,690",40.56131801867323,40.5613,-73.89027702257818,-73.8903
11972233924258293233,Borough Park,11219,20.052661161652587,11613,20.05,5168,8.92380546658233,"57,913",40.63363339681135,40.6336,-73.99695563105604,-73.9970
3799086689113883197,Boerum Hill/Park Slope,11217,32.365656136571985,11203,32.37,5463,15.782699230036,"34,614",40.68193564273281,40.6819,-73.97943251316396,-73.9794
17204703498145607520,Bloomfield/Freshkills Park,10314,33.504037575554385,24751,33.50,13725,18.5787610894301,"73,875",40.59154749982019,40.5915,-74.19297117819609,-74.1930
4472629017624590588,Bergen Beach/Flatlands/Marine Park/Mill Basin,11234,25.748963845536803,18886,25.75,10175,13.8724826394333,"73,347",40.59860501935954,40.5986,-73.91090042191269,-73.9109
1890501726915015344,Bensonhurst/Mapleton,11204,25.079372037331954,14154,25.08,6076,10.7660212306648,"56,437",40.62065227107304,40.6207,-73.9843047932376,-73.9843
15977238287156015842,Belmont/Fordham University/Kingsbridge,10458,19.729126135466775,11948,19.73,6182,10.2080229134128,"60,560",40.86408263255247,40.8641,-73.88580725614125,-73.8858
9090589728404897614,Belmont/Claremont/Mount Hope/Tremont,10457,21.44675999137149,11392,21.45,5963,11.2260384329835,"53,118",40.846025166221764,40.8460,-73.90031847005505,-73.9003
468359110144528727,Bellerose/Hollis Hills/Holliswood,11427,42.2770058031796,8065,42.28,4376,22.9391416484456,"19,077",40.730718844909326,40.7307,-73.74776665503477,-73.7478
17999250532561845998,Bellerose/Douglaston-Little Neck,11004,38.075286826923595,6215,38.08,3823,23.4210493224986,"16,323",40.748435539928145,40.7484,-73.71407174115245,-73.7141
18212252020251328430,Bellerose,11426,32.27629027387112,5190,32.28,2680,16.6667549005731,"16,080",40.73771547542336,40.7377,-73.7231459125217,-73.7231
9788457811692813819,Belle Harbor-Neponsit/Rockaway Park,11694,37.659368963735204,6229,37.66,3985,24.0925646685639,"16,540",40.577726239622415,40.5777,-73.84008282848848,-73.8401
12988742013052757381,Bedford-Stuyvesant (West)/Crown Heights (West),11216,27.832714030333133,12815,27.83,5569,12.0952309352263,"46,043",40.680919119044844,40.6809,-73.94894503078062,-73.9489
9820844531834118100,Bedford-Stuyvesant (West)/Clinton Hill/Fort Greene,11205,22.170423765306005,7481,22.17,3030,8.97959951996754,"33,743",40.696725458988,40.6967,-73.96911807074783,-73.9691
14710231023190274597,Bedford-Stuyvesant (East)/Ocean Hill-Brownsville,11233,19.026156397818998,10794,19.03,4685,8.25806399145655,"56,732",40.67639992217663,40.6764,-73.91807496540247,-73.9181
15036097811309748616,Bedford-Stuyvesant (East)/Bushwick,11221,23.884511175697735,15367,23.88,6256,9.72353106755808,"64,339",40.69293784467325,40.6929,-73.92714261512434,-73.9271
8526308379960504864,Bayside (South)/Oakland Gardens,11364,38.33604398567595,11150,38.34,5455,18.7554367660863,"29,085",40.74813664124931,40.7481,-73.75810840303983,-73.7581
3651196546638043528,Bayside (North)/Bayside (South),11361,35.75243615142923,7714,35.75,3574,16.5645847556661,"21,576",40.7620920523427,40.7621,-73.76488817353975,-73.7649
1791917589591716795,Bayside (North),11360,41.31396224138785,6666,41.31,3790,23.4893364678758,"16,135",40.78726238079032,40.7873,-73.77808792683551,-73.7781
7856670479414599351,Bay Ridge/Fort Hamilton,11209,33.9821402850441,18632,33.98,10337,18.8532301484812,"54,829",40.61754138433399,40.6175,-74.03000240290125,-74.0300
1481170390634180761,Battery Park City,10282,31.163402999130252,1370,31.16,679,15.4452194426346,"4,396",40.716669022304195,40.7167,-74.01514005617989,-74.0151
13765118744850812457,Battery Park City,10280,33.004424070679775,2481,33.00,1196,15.910234255757,"7,517",40.707210987987864,40.7072,-74.01748912917701,-74.0175
11323572651228534513,Bath Beach/Dyker Heights,11228,30.81647182348916,10943,30.82,5234,14.7394145594574,"35,510",40.612948681795565,40.6129,-74.01575680897969,-74.0158
9830881397701562656,Bath Beach/Bensonhurst/Gravesend,11214,26.48540274906523,19523,26.49,8542,11.5882963828569,"73,712",40.59017106652811,40.5902,-73.99527060803955,-73.9953
14516351145084164030,Auburndale/Murray Hill,11358,34.566355845891,10246,34.57,4752,16.0315560198784,"29,642",40.758929906674425,40.7589,-73.79417286911097,-73.7942
13810635720958419225,Auburndale/Fresh Meadows/Pomonok/Utopia,11365,32.1497516359414,11270,32.15,5331,15.2076598022363,"35,055",40.73942195283166,40.7394,-73.7969272594437,-73.7969
1830198881440562351,Astoria (South)/Long Island City/Sunnyside,11101,32.903403990797514,10080,32.90,4962,16.1970923216604,"30,635",40.741419222572105,40.7414,-73.94672419653146,-73.9467
3473968553159625405,Astoria (South),11106,32.55397860411554,10337,32.55,4864,15.3180373348571,"31,753",40.76360324603017,40.7636,-73.9341466205833,-73.9341
6828951342310514301,Astoria (North)/Astoria (South),11103,29.8272609349065,8897,29.83,4061,13.6145337368389,"29,828",40.76441071130287,40.7644,-73.91036125843138,-73.9104
1143540440501410025,Astoria (North),11102,34.97383968374979,8726,34.97,4408,17.6672800052681,"24,950",40.77395206423544,40.7740,-73.92618259206377,-73.9262
8603955460069302344,Arverne/Edgemere,11692,21.431792699225234,3326,21.43,1669,10.7545586334958,"15,519",40.595436352043905,40.5954,-73.79143993316954,-73.7914
4921665426790082170,Arverne/Broad Channel,11693,26.20880116595493,2560,26.21,1407,14.404602828319799,"9,768",40.59495570053873,40.5950,-73.81248663008235,-73.8125
7653503021313104885,Arrochar/Midland Beach/Shore Acres/South Beach Ocean Breeze,10305,32.24660331700932,11066,32.25,5687,16.5720615456201,"34,317",40.60004203692707,40.6000,-74.07263953145632,-74.0726
4259474428517866569,Annadale/Rossville,10312,34.658675933219136,16783,34.66,9077,18.7449682086534,"48,424",40.53929191660115,40.5393,-74.17521547519836,-74.1752
10780841309090168447,Alphabet City/East Village/Stuyvesant Town-Cooper Village,10009,33.50211851303035,16940,33.50,8393,16.5987768996378,"50,564",40.727242928768234,40.7272,-73.9756942683303,-73.9757
16978181436112691696,Allerton/Norwood/Pelham Parkway/Williamsbridge,10467,22.519844692655152,17416,22.52,9947,12.8620174068581,"77,336",40.88162598584155,40.8816,-73.8761308380663,-73.8761
18370444612789090906,Allerton/Baychester/Pelham Gardens/Williamsbridge,10469,25.274905317489893,14259,25.27,8607,15.2564071861726,"56,416",40.865961171741034,40.8660,-73.84470411656395,-73.8447
13940115755984997201,Airport/South Jamaica/Springfield Gardens/St. Albans,11434,20.817827151528927,11084,20.82,4887,9.1787009463661,"53,243",40.64210050642935,40.6421,-73.78328153517883,-73.7833
15292572074811184299,Airport/East Elmhurst,11369,28.21897311194212,7367,28.22,3281,12.5677278105446,"26,107",40.7697832687752,40.7698,-73.86947955011426,-73.8695
10890343118173693797,%null%,99999,%null%,%null%,,%null%,%null%,,40.68221211182075,40.6822,-73.89589130765084,-73.8959
